9505
-1296.33 -942.784 1647.61
-5862.13 2288.89 1069.62
3009.41 -4990.08 1633
4251.06 -1822.96 1196.89
-2765.6 531.257 1492.54
-2876.16 5234.93 1193.05
4795.19 -5504.88 1313.61
3540.28 -1894.11 1073.38
5100.26 250.313 1231.48
-3105.57 5887.42 1124.96
-1225.15 2179.79 866.334
3373.63 2484.81 1163.81
-1884.14 -2276.88 978.81
-3728.79 -4814.97 1312
1858.68 -919.041 853.005
-2546.78 805.958 1330
404.352 -5520.72 1334.05
-5948.86 4970.83 674.71
5859.04 -5057.57 1394.81
613.624 1563.69 989.082
-3348.84 4577.81 964.623
572.654 -3025.13 1282.42
-3485.16 3107.59 716.19
3759.77 280.927 1414.39
397.476 -3562.82 1170.93
-5211.89 -3750.38 1440.37
1119.65 1955.68 1025.59
3719.64 -528.371 1111.83
-5330.19 502.897 1205.29
-5219.88 4053.15 696.064
-5907.55 5148.07 615.333
-782.172 -5067.54 766.91
1797.16 -687.139 854.748
3330.58 -1758.82 975.458
5337.56 256.171 1225.69
4761.22 435.258 1308.07
-5072.55 -2071.59 1565.8
-759.855 2074.87 920.568
-4026.5 -5430.94 1367.93
3418.87 3227.12 1161.48
3000.15 5267.16 1191.08
5402.24 2484.99 1195.52
-4199.14 -5329.88 1367.93
-4182.02 -4959.76 1355.34
2453.58 -1821.4 987.593
-4434.04 3036.1 847.669
-2337.38 3994.54 1018.5
2780.09 2145.21 1281.76
-3505.06 5499.52 1038.91
-5529.77 235.666 1348.19
1579.05 -335.09 934.207
4065.12 2445.62 1153.5
-1909.16 -3350.27 1009.28
3227.36 -4850.62 1503.44
2406.3 2288.23 1265.58
5952.13 1052.18 1478.23
-3341.92 3965.66 826.259
-2536.79 5781.58 1401.93
2044.85 -2727.59 1341.41
-4272.63 -2854.72 1730.72
-2988.2 2802.74 729.24