9505
-1296.33 -942.784 1647.61
-5862.13 2288.89 1069.62
3009.41 -4990.08 1633
4251.06 -1822.96 1196.89
-2765.6 531.257 1492.54
-2876.16 5234.93 1193.05
4795.19 -5504.88 1313.61
3540.28 -1894.11 1073.38
5100.26 250.313 1231.48
-3105.57 5887.42 1124.96
-1225.15 2179.79 866.334
3373.63 2484.81 1163.81
-1884.14 -2276.88 978.81
-3728.79 -4814.97 1312
1858.68 -919.041 853.005
-2546.78 805.958 1330
404.352 -5520.72 1334.05
-5948.86 4970.83 674.71
5859.04 -5057.57 1394.81
613.624 1563.69 989.082
-3348.84 4577.81 964.623
572.654 -3025.13 1282.42
-3485.16 3107.59 716.19
3759.77 280.927 1414.39
397.476 -3562.82 1170.93
-5211.89 -3750.38 1440.37
1119.65 1955.68 1025.59
3719.64 -528.371 1111.83
-5330.19 502.897 1205.29
-5219.88 4053.15 696.064
-5907.55 5148.07 615.333
-782.172 -5067.54 766.91
1797.16 -687.139 854.748
3330.58 -1758.82 975.458
5337.56 256.171 1225.69
4761.22 435.258 1308.07
-5072.55 -2071.59 1565.8
-759.855 2074.87 920.568
-4026.5 -5430.94 1367.93
3418.87 3227.12 1161.48
3000.15 5267.16 1191.08
5402.24 2484.99 1195.52
-4199.14 -5329.88 1367.93
-4182.02 -4959.76 1355.34
2453.58 -1821.4 987.593
-4434.04 3036.1 847.669
-2337.38 3994.54 1018.5
2780.09 2145.21 1281.76
-3505.06 5499.52 1038.91
-5529.77 235.666 1348.19
1579.05 -335.09 934.207
4065.12 2445.62 1153.5
-1909.16 -3350.27 1009.28
3227.36 -4850.62 1503.44
2406.3 2288.23 1265.58
5952.13 1052.18 1478.23
-3341.92 3965.66 826.259
-2536.79 5781.58 1401.93
2044.85 -2727.59 1341.41
-4272.63 -2854.72 1730.72
-2988.2 2802.74 729.24
5614.11 5277.82 2077.28
5786.84 -4162.52 1689.09
3485.15 44.7722 1318.07
-3659.93 4664.25 919.546
5688.74 -1599.58 1260.38
5758.68 4463.16 2033.55
-5362.3 3597.76 856.332
-4180.49 -946.722 1211.18
4450.11 -2516.18 1368.86
-1536.74 2978.78 966.031
4259.43 4144.65 1609.53
3127.98 5518.24 1189.55
-2469.99 298.451 1501.61
1602.6 1829.07 926.669
-3406.81 3500.87 707.344
3009.47 5514.47 1185.61
-5698.67 26.9732 1479.91
-2366.39 2167.37 818.133
-5551.7 2831.28 1350.95
-5585.79 3740.23 898.411
3525.08 -4672.26 1310.77
-4585.69 2679.61 999.933
2612.45 -1033.2 952.573
3137.32 893.899 1390.65
-4954.94 1124.9 1349.56
-5689.02 1948.53 1077.71
5109.94 2453.36 1156.23
-5700.43 1513.98 1023.68
2395.43 -4101.42 1332.92
2043.56 -2020.71 1093.38
565.147 -695.334 1103.31
2643.32 4354.99 1157.81
1381.85 -5839.93 1463.19
-5388.55 -2652.13 1476.66
4117.17 3977.94 1549.23
5172.75 927.942 1529.75
3462.51 2269.43 1223.11
2783.72 2461.67 1156.41
-5477.67 5751.77 681.834
4362.34 5378.9 1583.26
-3796 -5568.59 1367.7
-3831.91 3581.22 664.705
3740.64 -2454.07 1136.02
-3133.6 1067.93 1341.44
1097.38 -778.664 984.339
5191.78 4312.85 1800.07
-36.9892 -3573.44 998.464
1732.45 -5296.91 1472.44
-5064.06 648.463 1299.44
2781.23 1171.72 1237.64
-3108.38 463.185 1602.7
-5273.83 4211.53 663.466
5052.38 -4714.49 1375.29
149.931 4708.91 1519.35
-5695.01 -2197.44 1433.22
1342.21 -1824.02 1277.55
753.768 2270.46 1153.53
-19.6387 2064.26 1079.68
-3315.61 -3753.63 1734.24
-4660.58 -4321.27 1367.93
-5113.71 1308.55 1300.37
-990.539 -4734.28 721.721
-5297.85 3828.89 790.875
5225.75 4935.46 1947.44
-699.919 2998.04 1228.43
-1767.25 3902.64 1138.82
-5406.13 -1676.24 1551.57
-3780.64 -3038.66 1716.64
-4412.2 1456.61 1462.43
3839.52 -4113 1178.12
4449.26 -3081.46 1377.21
1304.56 4300.37 1398.35
114.387 -1900.21 768.777
3846.67 -3922.04 1219.56
3675.24 -1785.01 1073.51
-396.892 331.011 969.525
-2324.68 5069.49 1388.11
28.4197 -1774.13 856.072
-464.377 -5191.74 933.498
3624.49 1335.36 1445.63
-1906.05 -2598.23 823.491
3073.03 5717.69 1279.85
-456.657 -4939.48 820.16
-5611.54 2442.91 1306.42
2385.31 -4431.66 1409.79
-2274.25 5993.73 1470.41
-4852.51 -3864.82 1413.21
-351.066 2772.04 1224.09
-1917.12 -5408.26 1259.4
1440.33 -997.269 989.255
4988.66 -3108.08 1510.3
-3453.11 1274.05 1306.18
-5029.67 -3105.95 1493.85
3516.16 -2277.03 1063.15
3709.44 -4489.78 1218.63
-350.483 924.127 905.752
-929.929 3021.86 1142.53
-2492.63 4136.73 1047.18
2694.12 1026.76 1221.37
-3983.32 1823.5 1153.77
2187.1 -176.626 1140.28
4755.63 261.617 1254.63
2824.22 4462.42 1237.16
2532.84 -5141.82 1901.14
-5570.81 3888.44 852.495
-4438.28 1837.88 1241.95
1130.28 -3912.9 1679.65
-1260.22 5884.98 1619.11
1289.71 -3621.91 1634.8
5986.25 3376.84 1610.13
3821.09 -4678.61 1229.41
693.707 5151.97 1459.54
3907.6 -2026.83 1193.85
2385.99 -2336.23 1219.69
-635.381 -1518.18 1293.87
1766.86 -3140.17 1442.52
4123.83 -1429.58 1045.54
-753.056 -4690.29 770.087
998.084 -1130.5 1148.04
1645.23 -4745.87 1656.03
1275.39 -2757.32 1347.43
512.695 -2532.05 1180.12
1389.47 3612.25 1222.71
3311.01 -1374.31 889.149
3579.01 2983.64 1103.74
-44.6804 3574.05 1436.12
2257.47 3096.04 1017.31
4184.04 -5591.31 1426.41
1325.95 3508.48 1203.87
-1310.84 -2430.67 878.215
-5607.1 -5870.07 1582.66
-5626.02 -126.566 1549.21
-2580.61 -5476.24 1196.58
5124.05 -4967.98 1321.11
5174 4773.19 1923.5
-5771.57 -4967.09 1546.2
2024.09 -3093.74 1407.05
5919.91 -3335.57 1742.36
5696.43 -5658.83 1350.21
1368.6 605.471 960.43
-2575.35 2582.33 717.693
-4861.55 4362.84 621.631
-1314.64 4031.45 1413.3
-4088.84 -1879.67 1510.73
3759.33 3277.05 1228.58
5476.97 -624.104 974.516
4881.23 -3510.6 1404.44
-1945.23 -1238.32 1542.9
-3220.67 -1582.16 1028.93
1556.97 5185.97 1488.05
2440.88 845.57 1188.14
-2734.11 -1390.68 1234.34
-5615.8 -2667.32 1417.25
-2412.63 -469.947 1747.37
4481.38 -4208.63 1274.5
-4995.43 3920.15 670.24
-1398.38 4874.8 1470.83
-5908.43 3486.34 1192.95
3251.75 397.984 1510.95
-633.388 -2337.56 807.878
-5449.72 -3681.83 1420.89
225.167 -1657.45 781.797
-2998.44 223.801 1647.11
3098.61 -3468.48 1179.1
2213.18 -1951.62 1040.1
479.594 -4851.94 1043.17
-1185.55 3775.54 1357.67
5916.75 -1583.93 1302.82
-371.412 5256.7 1670.73
4018.15 -737.415 988.601
2825.34 3533.06 1207.97
2996.01 3329.13 1184.64
-3586.31 5314.19 1015.74
4160.55 3203.31 1264.65
-329.71 -408.467 1264.13
5246.84 -5192.54 1304.72
1055.32 -1483.13 1274.92
1439.66 469.248 997.267
4434.72 -4578.76 1269.93
-2172.59 -2901.29 945.02
-5109.78 123.065 1336.34
-3987.21 -3654.66 1614.38
-5639.6 -4997.91 1556.36
3507.53 -2071.61 1067.23
1609.25 -5260.44 1425.37
5186.59 2728.86 1208.05
2065.53 5787.51 1248.78
4731.59 4651.41 1830.38
-942.737 1391.78 792.278
-4295.23 -4597.28 1348.91
5760.47 5955.33 1786.61
4348.09 -10.3822 1230.86
-1463.03 -3400.01 844.699
-74.4002 -5060.77 949.748
-950.223 -2420.04 828.289
-4817.07 1724.24 1455.62
2422.34 -1925.92 1030.67
-1735.4 -4559.83 1024.39
-2788.63 -3376.43 1495.63
-4785.22 3203.64 855.564
-134.906 -3152.03 917.66
-5795.93 1707.67 963.84
-758.564 5558.32 1648.16
4066.33 5150.81 1551.62
2922.67 -1283.41 896.596
-3798.38 -128.363 1694.01
-1633.7 -347.76 1578.5
5334.26 -4613.84 1436.94
5536.65 -1382.98 1155.93
2435.71 288.063 1342.48
-5017.92 -2571.68 1597.86
-825.007 3936.47 1530.58
-301.651 -2374.58 751.065
2693.17 -4755.24 1598.7
-1751.21 684.652 1225.99
-3691.23 3825.77 736.028
2162.61 1186.87 1099.49
2521.31 2216.07 1285.72
-5243.63 -2843.91 1503.53
-1808.11 4199.75 1213.67
1823.6 3969.4 1179.54
3923.68 3869.99 1510.55
-1276.73 5332.08 1622.13
-2641.19 -350.962 1763.36
4675.8 2658.73 1136.45
2444.11 1186.3 1157.19
-952.151 -5146.99 725.696
5086.59 4026.67 1711.98
3177.37 -241.327 1238.93
3532.92 -1502.5 944.347
-5906.79 -1973.41 1458.67
4365.09 -5160.61 1241.22
-4784.49 2638.81 1060.93
919.316 3135.56 1224.76
-2625.72 -4651.43 1574.65
3735.89 -958.737 939.194
3328 3546.01 1306.44
445.839 5161.8 1482.54
5776.86 -2628.54 1611.36
-2697.2 -4880.38 1350.66
-1819.07 -2749.18 810.472
-2847.05 2305.56 811.757
-5743.87 -525.4 1802.42
483.24 -1980.4 918.587
4628.71 -4637.06 1296.06
-4184.46 -2612.3 1778.84
-4932.72 549.193 1358.65
-3711.35 -4293.36 1319.21
-4315.27 -1194.6 1336.74
3572.38 -1074.93 923.386
-4059.31 -5772.29 1413.84
-96.9735 2429.25 1174.32
-3347.28 2247.82 893.959
1989.72 -857.714 855.205
-2051.18 4289.47 1191.04
1930.85 -2302.69 1193.3
2751.01 3807.7 1192.78
3451.71 5528.86 1233.31
1402.45 2420.66 1107.31
-1016.91 2063.98 864.509
5686.85 -1831.64 1332.71
5995.19 -4044.32 1732.26
-1582.09 -3622.88 888.19
-2756.16 -2692 1093.71
1105.59 1708.84 1008.28
-3689.52 2556.5 862.254
-2259.11 638.417 1340.11
-2973.6 -1593.52 1075.63
-1026.43 917.193 950.772
3907.48 77.777 1308.2
-3489.87 -1868.72 1169.11
2967.11 -2864.89 1148.36
1833.53 2207.78 990.986
-1520.07 -2678.9 842.715
5331.89 -4122.24 1514.45
962.589 1460.8 987.696
-5365.16 -1447.5 1606.97
-2051.86 3452.05 970.905
4840.9 5599.86 1719.1
2858.22 402.476 1423.15
-5621.78 -299.806 1680.09
-621.95 -708.288 1424.54
-3504.86 -974.114 1257.55
-4646.93 953.156 1534.26
5680.65 3972.96 1793.26
-3400.17 4715.8 987.712
-3199.25 4382.56 934.944
-3066.24 -4835.95 1249.93
-5486.39 -1107.72 1631.39
5762.51 3212.57 1521.83
-4435.65 -2278.73 1792.96
2540.1 -4335.3 1346.55
-2827.23 3321 759.41
2278.77 -34.0805 1225.01
-3090.54 -626.4 1553.91
494.241 -5058.54 1010.77
5559.12 -5082.45 1382.03
-3933.06 -5926.71 1446.88
1174.38 -4618.34 1403.09
5189.67 -5447.62 1265.1
-1631.91 -2966.04 814.966
208.029 -5002.07 947.746
1473.34 -4136.39 1793.51
-76.6338 117.275 986.517
1308.64 5871.23 1330.14
-5500.1 -2940.27 1467.17
4856.33 1809.06 1335.19
625.171 3215.62 1287.01
-5077.02 -4859.43 1410.86
-1094.29 1031.12 922.224
-1142.63 -4990.06 701.125
3560.54 1046.08 1515.3
-982.155 2649.72 1072.41
4619.47 5527.38 1654.65
-2783.12 -3692.84 1689.53
-49.1746 3364.27 1494.27
3945.08 -188.287 1216.56
-3844.75 1575.22 1242.57
-903.736 5664.2 1646.68
730.148 5959.81 1399.21
1503.03 5428.64 1411.46
-1282.38 -1749.48 1222.89
1232.23 4227.9 1440.97
970.407 3383.27 1223.72
-383.072 1072.07 844.168
5953.59 5233.64 2210.77
1278.05 -885.041 980.645
-675.349 602.856 956.069
3543.14 4507.39 1448.38
5370.79 4213.14 1791.98
413.117 -3815.77 1201.22
5771.78 -5456.09 1332.24
5971.91 -2866.74 1663.37
2249.18 -4663.92 1535.99
-4918.08 -4496.77 1375.43
4480.86 2490.42 1137.04
4713.34 -3376.24 1425.44
-2968.78 -1202.63 1258.49
5452.34 -1242.59 1106.55
-2529.55 -1316.45 1302.83
1908.07 -1841.28 1079.66
3436.87 928.36 1489.63
-853.459 -4226.25 779.799
-162.795 -3436.17 939.6
-5969.66 -40.2494 1727.34
-4430.14 -510.52 1308.7
-5742 -2369.87 1395.7
-5274.85 2336.43 1365.37
-4677.55 -5292.14 1435.32
-1948.57 -5308.17 1290.11
2303.44 2199.07 1283.5
-3818.02 5157.82 954.848
1081.34 5375.84 1469.54
-2492.03 -1642.02 1128.11
-4660.5 -1429.75 1652.47
373.794 2616.28 1286.13
79.6212 -3995.65 1036
-4084.99 -5201.56 1367.93
-4965.42 210.87 1350.59
-4159.25 527.629 1840.09
-3256.96 2935.31 729.167
-1287.03 -4772.84 732.989
-2115.74 1813.07 830.867
1263.78 -5299.78 1263.52
-2623.73 -4755.91 1497.02
-618.071 3593.36 1416.12
3609.35 3602.67 1381.62
-5215.96 -3594.17 1448.65
-5195.28 3017.88 1047.74
-3637.8 1348.08 1311.18
-4145.22 -4751.24 1345.5
676.78 1985.23 1115.29
-3004.46 -4204.35 1680.28
-603.216 2663.24 1170.55
4620.43 5279.3 1676.25
-2858.03 -1669.66 1053.29
-3820.6 4084.6 767.78
3475.8 4223.1 1457.38
1775.54 -466.796 951.739
-239.425 -4319.47 922.631
2219.6 4373.45 1085.36
-1360.02 5693.83 1668.36
-5835.45 3302.54 1265.18
-4552.09 -3167.75 1601.64
2260.45 -5285.4 1881.46
-5391.18 4078.3 749.527
2895.17 -4371.66 1320.94
11.7098 -2821 913.3
-369.576 -2171.69 812.182
-1276.96 1700.83 762.18
-4272.41 -123.479 1523.22
-4756.56 -3633.55 1424.2
-4754.62 1148.61 1491.61
2794.18 5568.78 1229.91
406.38 3790.61 1420.15
-1180.81 894.02 976.086
-3849.98 5266.02 934.926
2960.71 391.625 1447.77
380.046 4047.02 1519.91
-334.956 -3201.38 877.236
-3657.14 -3545 1645.28
-687.337 1973.13 891.912
-2178.73 2812.43 764.936
-205.478 -3716.56 942.192
-3024.48 1232.02 1246.66
-2216.67 -4813.48 1510.8
-3915.29 1353.81 1375.61
4610.16 3051.48 1268.85
-1149.88 -2245.15 907.606
-5371.47 1534.86 1189.67
568.737 1894.73 1115.6
533.919 -4355.28 1159.84
-411.823 3852 1497.15
5753.71 -5876.7 1418.36
-642.69 -3231.72 780.408
4475.99 -5695.43 1412.51
5729.11 5549.7 2114.67
-685.624 -2909.38 739.271
1023.47 5195.54 1493.07
4342.76 -5729.6 1441.38
3887.43 5150.05 1505.9
-64.8168 -3717.33 995.656
2037.84 -389.797 1036.51
2090.17 3036.57 984.462
-2112.77 -1783.65 1160.62
-21.0501 1706.67 926.902
-2507.42 -2576.72 949.823
-1810.81 4452.35 1312.69
-2225.1 -5756.12 1150.38
-2466.75 -3133.05 1166.85
-1979.1 -2183.51 1003.9
-1150.8 4346.83 1484.95
-3455.23 1410.36 1244.56
316.286 1800.01 1034.62
5102.52 1044.28 1558.01
-5711.97 -2778.67 1419.65
2365.87 1026.28 1138.28
-3793.86 -3601.86 1621.72
5927.99 3053.29 1410.43
-3882.19 1062.52 1561.51
-5742.41 -4100.78 1404.51
-523.411 5212.87 1638.07
-1979.67 -530.754 1670.25
-3227.22 -83.4065 1818.26
-5583.05 -5332.81 1583.19
-5962.54 -3291.73 1425.05
-1681.15 4649.26 1410.88
5684.77 -3701.68 1660.21
-4449.21 -636.194 1322.97
-4423.87 4468.57 721.276
-5344.11 2199.97 1415.43
-1841.84 -5108.53 1165.01
621.047 4493.41 1564.19
904.43 4850.3 1488.94
-4205.06 226.483 1757.28
3963.19 5238.13 1493.37
-1093.32 5181.64 1580.96
352.3 5519.15 1552.77
-609.885 -3537.51 811.637
-5750.88 -321.622 1755.31
-2818.07 1220.83 1221.24
-791.569 423.909 1062.55
5326.5 -1301.04 1118.09
-5244.54 649.354 1225.1
2189.71 -3145.56 1388.57
-3062.48 -2873.56 1409.87
47.5395 -2124.4 763.937
5696.56 -508.07 979.308
1418.25 -4462.79 1624.25
-2808.75 2068.24 860.679
298.721 -5507.24 1342.62
-793.156 -1983.94 987.78
-553.646 -2561.25 742.526
-2875.45 -2595.4 1135.63
4675.58 967.012 1529.35
-2422.01 -5542.47 1166.74
-1375.07 -4076.02 769.297
1608.9 -2008.87 1231.09
-1334.72 -3013.37 781.484
-5915.7 4125.69 923.752
-1978.09 3344.76 953.237
-5926.66 1423.86 946.385
2299.85 -165.829 1181.53
-1828.16 -1123.85 1788.17
-1469.41 -3285.71 831.79
5211.19 5805.27 1767.66
3113.06 -2536.33 1037.66
3169.82 593.509 1461.59
-3221.74 521.796 1613.8
-3876.88 -2953.94 1707.79
5352.27 -5705.54 1299.43
5693.64 2083.62 1292.49
4768.47 1750.74 1354.04
-5911.36 1726.89 885.864
-2089.59 -1526.61 1302.57
3779.95 3607.03 1397.9
5093.8 1338.4 1486.46
-3617.49 1866.36 1075.53
-535.105 -165.867 1231.07
2105.17 -2110.68 1120.48
3401.08 -146.98 1246.22
-2762.99 -5893.07 1408.12
4180.59 4721.95 1720.79
-2582.23 -5111.44 1225.61
-736.977 5215.02 1582.35
-1707.34 1712.31 799.273
-1071.27 -1255.68 1622.11
2752.28 703.89 1305.5
-2062.9 2548.97 738.346
-3727.92 -3795.6 1533.17
5024.27 -5330.69 1246.94
5802.01 4328.08 1956.46
4763.57 -1714.67 1215.31
2397.19 2722.64 1020.72
-4129.74 -3719.65 1522.31
2355.97 -2635.02 1262.07
3028.53 -1606.5 881.463
-3132.38 3953.26 861.516
3048.76 5005.57 1254.6
4813.27 3610.81 1565.07
555.231 2987.66 1378.99
-1880.44 3300.74 957.455
4640.72 -5659.97 1383.01
4630.44 4109.21 1584.03
1894.88 1361.5 1033.66
-4693.51 5845.1 981.059
5584.77 5387.32 2143.14
5078.08 -3972.6 1437.26
-581.53 222.242 1094.09
-4675.06 -4828.68 1370.28
587.433 -1544.65 972.248
-1465.54 1956.01 762.978
892.635 4181.18 1576.64
965.179 -5260.6 1151.92
-433.145 -2312.31 766.743
-4800.01 -2043.64 1638.93
-3024.9 -5753.73 1407.16
4440.95 -4369.11 1275.06
-4529.34 5878.26 961.683
-5721.28 -5610.81 1561.94
5570.86 -3126.03 1564.55
3542.85 2873.8 1090.43
4600.38 1219 1563.07
5120.57 -718.859 969.775
169.817 -4506.86 1014.31
-4655.81 -1294.49 1593.88
-3870.45 -538.213 1336.55
-145.139 -3254.13 924.009
1693.87 -2851.58 1406.95
4526.15 3762.19 1455.37
5465.74 4338.69 1873.2
-2471.52 -1160.57 1402.97
-3673.02 -2966.51 1682.37
1994.25 -5191.26 1634.74
5800.88 -4602.68 1530.66
3024.77 2691.83 1073.5
-5568.08 1588.95 1102.58
-567.774 2272.22 1026.98
2868.17 3848.26 1224.22
4868.1 -4218.57 1401.67
1741.02 -2559.99 1321.06
838.152 -5076.52 1126.42
2930.07 4378.05 1276.56
4867.75 -5372.48 1260.75
2570.35 -2759.63 1251.81
3846.57 1950.64 1311.31
582.12 600.653 954.11
-860.007 5871.88 1610.57
5287.82 566.68 1368.88
5031.62 722.123 1432.17
-1161.97 -5186.44 698.623
-648.468 -970.398 1440.86
4326.42 -2418.67 1331.64
-830.314 2483.71 1033.91
-4941 -5270.85 1497.59
-5329.73 5083.21 624.772
764.644 -1585.65 1064.61
-2427.29 1206.43 1159.22
5986.1 -2249.39 1512.59
798.255 -2948.46 1457.38
4074.47 -2443.38 1269.97
322.981 4879.26 1489.16
3167.68 -4560.76 1367.41
3182.97 1871.21 1312.61
5419.46 -247.795 1040.43
-5885.89 3946.94 961.385
-1583.32 -2112.33 1035.35
917.699 1358.36 950.033
1430 783.385 971.818
2272.07 -1049.68 870.693
902.864 -5700.06 1405.9
5754.36 3320.25 1565.21
-2530.74 2028.11 847.971
4735.55 -4810.04 1279.84
342.758 -216.938 819.942
-5550.12 1871.08 1141.97
-5538.92 -1245.63 1578.68
-3556.72 -870.871 1294.06
4084.27 765.575 1531.4
-4835.76 4575.93 658.14
151.966 4972.28 1513.01
3550.68 3239.17 1171.06
4668.02 4943.1 1765.11
-4660.65 75.07 1475.34
-5003.03 -509.68 1662.63
605.157 913.76 928.724
4838.84 1304.66 1514.36
54.2673 -5723.88 1404.39
1532.17 399.672 1026.73
-491.289 -4350.47 850.861
4407.03 132.636 1282.2
-2785.84 5038.64 1206.69
-1875.91 2733.16 838.123
4653.89 3344.38 1439.21
4322.51 850.822 1564.38
3080.01 -5572.74 1762.21
3250.05 105.515 1370.95
1856.6 3111 984.266
2827.83 5730.47 1310.31
1748.82 2312.01 964.454
-3056.24 -5940.01 1393.06
-4770.18 3594.81 704.256
5372.84 -647.207 974.239
-2630.55 4149.36 1026.77
2168.23 -5699.58 1548.03
2636.98 4032.4 1155.42
-825.442 4787.18 1545.1
2924.66 4687.22 1236.74
2514.4 -1644.97 919.945
-3091.17 -2593.18 1291.84
-2262.23 5625.18 1538.99
4024.58 3866.86 1517.34
3807.78 5492.66 1358.76
4263.7 -3270.55 1316.62
800.741 3627.19 1330.18
-3916.78 5860.97 929.308
4538.89 -850.341 953.199
1878.82 -4628.65 1619.63
1194.72 1810.72 992.083
-2889.01 -3559.92 1660.54
-2212.33 907.631 1230.51
4346.15 2787.19 1130.28
4022.34 259.551 1355.86
5434.12 1820.96 1321.8
-2233.76 5475.37 1505.79
1062.85 -4230.11 1513.3
-3595.15 -376.276 1570.38
-1009.42 -3944.27 717.399
-4444.24 5079 766.008
4325.39 3917.11 1503.35
3386.04 142.397 1370.1
2149.11 -953.216 859.908
-2865.88 3119.69 702.329
-4455.56 217.659 1616.35
-2451.69 5168.21 1344.3
255.839 -2201.42 874.957
-3936.12 -2206.72 1590.31
-1360.85 5980.99 1597.15
5987.97 -1656.02 1332.87
5831.92 3875.76 1814.34
5055.92 -3536.13 1433.59
2016.49 -4237.73 1444.12
-3279.85 1844.59 1008.16
1707.13 -5709.44 1423.59
-2986.7 4537.99 1004.61
-1541.38 844.818 1112.72
-5453.12 3643.06 869.14
-365.843 -1434.82 1201.55
1210.44 -473.539 845.06
-3878.99 3077.62 745.914
30.2219 280.289 916.917
-1866.58 5808.24 1536.28
3704.5 -3714.52 1172.89
376.428 835.712 952.251
-1144.98 -5745.06 804.336
5008.94 2869.65 1224.03
1241.79 -5871.7 1511.47
-5387.08 -926.83 1792.59
4143.41 -4768.13 1197.19
34.6901 -1136.11 900.401
5991.36 -2582.31 1604.56
-2242.89 -2584.81 865.586
-1812.24 1703.62 815.879
-4248.48 2860.48 864.162
-2091.25 188.921 1499.1
-3291.18 -1043.34 1260.82
-2485.3 -1942.36 1004.75
1632.57 1523.76 936.734
-5907.23 4392.36 835.814
-1402.26 -1544.84 1443.61
489.536 3313.99 1326.56
2354.97 4791.86 1128.41
-1786.85 5010.85 1518.19
4340.64 5649.18 1442.38
2565.77 -3221.9 1300.78
-2539.99 3220.34 792.256
1013.52 3598.19 1291.29
-296.808 5081.27 1602.04
-5113 510.377 1298.07
-1042.55 107.828 1273.55
1474.16 3236.37 1083.84
5345.9 -5426.75 1277.96
2457.26 531.887 1281.88
-2235.68 1256.86 1078.2
3666.97 4766.96 1517.38
1046.67 4459.12 1512.12
1296.71 2652.54 1252.29
-1198.09 -5409.89 794.312
211.365 219.415 903.049
2680.86 -765.318 1060.63
-2265.28 360.224 1448.42
-229.342 -1513.34 1121.12
307.346 1478 892.707
124.886 -3176.7 1004.64
1744.58 -1648.69 1078.41
4543.28 4823.57 1741.67
-4526.25 -1746.21 1703.42
-1623.91 -3436.21 907.096
-1235.89 -2571.52 839.905
3636.53 -3813.06 1170.29
1355.97 -511.408 838.385
-1350.71 3460.02 1146.17
-839.219 5476.74 1666.25
-2996.46 2647.9 746.226
2632.2 -3404.65 1301.06
1103.46 -2148.77 1087.2
1970.87 3769.1 1086
1062.64 225.372 859.841
567.994 -2849.11 1288.84
-5331.85 5720.07 738.338
-4018.4 -5074.06 1366.72
4614.25 -328.787 1113.88
4995.23 4882.2 1869.57
-5165.8 -5164.7 1521.68
4941 804.427 1451.59
-5611.52 -633.474 1820.47
507.478 -4095.02 1210.6
-4987.03 2072.71 1342.28
-5841.74 -3158.82 1449.47
3444.07 -470.232 1142.83
5616.6 3794.6 1714.56
3723.32 5809.39 1247.86
-2284.18 -3964.52 1437.71
-5623.34 2578.07 1361.84
-1992.75 5384.75 1631.36
4646.64 637.175 1405.61
-521.795 1894.67 896.914
-1819.68 -3231.56 937.547
2247 5908.37 1310.8
-4532.67 1455.21 1480.58
5189.83 4659.42 1931.55
-4391.76 -2130.49 1795.96
-5293.86 -683.191 1797.03
-1702.68 2712.47 893.855
-3462.27 -5900.27 1331.93
-1800.35 -955.588 1772.12
2807.26 -3777.77 1218.24
-5188.73 -331.662 1577.21
-3570.7 -4895.58 1296.7
-1958.55 2459.62 750.642
-4391.87 -3846.11 1387.51
-2322.22 4415.65 1196.26
-3122.68 -5714.22 1406.02
-2218.65 4292.1 1172.89
-2466.78 -5248.05 1179.68
5224.5 2132.8 1253.02
3130.21 4357.57 1341.57
807.696 5195.63 1466.57
512.862 -2193.98 1006.59
5433.04 576.515 1377.91
-5404.51 -2255.28 1494.22
5796.05 -4931.4 1411.58
-183.739 3821.44 1466.42
-4719.23 5070.39 696.019
-5935.09 -1307.83 1471.22
-1458.27 5433.98 1651.9
1779.79 4493.65 1265.78
1775.11 -4548.44 1649.25
-1233.82 -3745.71 760.248
-413.915 4221.77 1577.15
-2361.48 3145.32 811.762